a = 2+3
b <- 3-6
c <- a/b
d <- 23+69