a = 2+3
b <- 2-6
c <- a/b
d <- 23+69